21.0356
21.0314
21.0694
21.0392
21.0311
21.0156
21.0075
20.9758
20.9956
21.2819
21.1378
21.0244
21.0442
20.9422
22.7731
23.2428
23.1528
23.0722
23.0675
22.7639
22.7633
22.6936
22.6347
22.3950
22.3853
22.6556
22.8769
22.8753
22.8192
22.8950
22.8039
22.8253
22.7103
22.6708
22.5644
22.6889
22.6478
22.4808
22.1333
22.5961
22.3983
22.4306
22.2011
22.1883
21.9656
22.1633
21.8278
22.4761
22.2136
22.0961
21.8647
21.6728
22.4186
22.5972
22.6847
22.6628
22.5022
22.3797
22.2939
22.3150
22.0633
21.4144
22.0297
22.1031
21.8419
21.9719
21.6342
21.2553
21.2353
21.5206
22.3875
22.3378
22.4044
22.2892
22.6400
21.9931
0.0000
21.3442
21.7761
21.4150
21.5272
21.2231
21.2258
20.8225
20.9925
21.1689
21.1011
20.8794
21.7411
21.5994
22.1122
21.9319
21.8061
21.7056
21.5111
21.5708
21.8733
20.8433
20.9328
20.9017
20.8878
20.6761
20.6897
20.6122
20.6822
20.4997
20.4283
20.4867
21.5556
21.4872
21.8972
21.7658
21.6861
21.7872
21.6047
21.4522
21.4933
21.8553
22.3025
22.0656
22.0331
21.8847
21.8511
21.8158
21.5758
21.6681
21.6781
21.5353
20.8733
21.4419
21.0617
21.0758
21.5519
21.3733
21.3564
21.4306
21.2611
20.9381
21.1083
21.1194
20.9278
21.0836
21.2933
21.5247
21.3897
21.3661
21.3044
21.4375
21.3283
21.2061
21.2711
21.2642
21.3169
21.4150
21.6156
21.5869
21.4511
21.4497
21.3725
21.3844
21.3067
21.3269
21.1422
21.1239
0.0000
21.3072
21.3153
21.4125
21.3611
21.4594
21.3300
21.1814
21.2214
21.2494
0.0000
21.1800
21.2111
21.1456
21.1269
21.1200
21.0400
21.0653
21.0258
20.9569
21.0975
21.1611
21.1089
21.1203
21.0236
20.9792
21.0381
20.8794
20.8622
20.8331
20.7269
20.7114
20.6981
20.9372
21.1297
21.0042
21.0011
20.9278
20.8886
20.9514
20.8767
20.8503
20.8181
20.7536
20.7672
20.8769
20.8536
20.8367
20.8272
20.8072
20.7114
0.0000
20.9433
20.8850
20.7983
20.7536
20.7064
20.6822
20.7858
20.1447
20.6606
20.9753
20.9308
20.8958
20.9264
20.8136
20.8314
20.7464
20.6681
20.7142
20.4458
20.6492
20.5939
20.5472
20.5425
20.3514
20.3978
20.4247
20.5386
20.6258
20.5719
20.4586
20.4897
20.5486
20.4186
20.4558
20.3825
20.3300
20.0936
20.3356
20.2450
20.2981
20.2458
20.1072
20.2458
20.1617
20.3128
20.3306
20.2511
20.1906
20.0353
20.1292
19.8072
20.0892
19.7531
20.5117
20.4875
20.3800
20.2547
20.1494
20.0689
20.2056
21.2114
20.0556
20.0414
20.0086
19.9275
19.9153
19.8031
19.8989
19.8664
19.9339
20.0044
19.0986
19.5886
19.6161
19.7956
19.6814
19.4536
18.6850
18.7906
0.0000
19.7069
19.5378
19.4100
19.3208
19.3553
19.3233
19.2336
19.0639
19.1031
18.9678
19.0222
19.0236
18.9167
18.7364
18.7947
18.6744
18.6869
18.3556
18.5347
18.4464
18.4897
18.3250
18.6461
18.4442
18.1933
18.3247
18.1922
18.0875
18.4671
17.4481
17.7342
17.9011
17.8344
17.4869
17.2542
17.1264
16.8033
16.7436
17.0264
16.7053
16.9136
16.5661
16.7858
16.7756
16.6853
19.1608
16.4544
16.5450
16.5892
16.4556
16.3242
16.4303
16.2331
16.2878
16.1197
16.1239
16.0578
16.0606
16.1036
16.0083
0.0000
16.0664
16.3600
15.5769
15.8889
15.8961
15.9122
15.8361
15.9042
15.7994
15.6842
15.6103
15.3881
15.5192
15.7081
15.4917
15.1333
15.2778
15.4481
15.5119
0.0000
15.1214
15.3125
15.2250
15.1869
15.1969
15.0903
14.9764
14.9697
14.9469
14.9683
11.9869
14.7497
14.7144
15.3806
13.7875
14.5361
14.5156
14.3475
14.2447
14.2406
13.9464
14.0633
13.8578
13.7750
13.6764
13.0950
13.5278
13.4164
13.2553
13.2044
12.9053
0.0000
13.0686
0.0000
12.2611
11.9847
0.0000
12.7194
12.5483
12.2972
12.2219
12.0381
9.1242
11.6031
11.9125
11.7100
11.7128
11.4822
0.0000
0.0000
10.9044
0.0000
11.3406
11.2644
11.1550
10.9389
11.1406
11.1953
10.7447
10.5536
14.3422
15.1369
14.7397
14.7803
14.8036
14.5489
14.6139
14.2672
0.0000
13.9617
14.0233
0.0000
14.3022
14.1172
14.2250
13.9903
13.9572
13.7631
13.7711
13.5942
13.6178
13.9297
13.5269
13.2369
0.0000
0.0000
12.6619
0.0000
13.2311
13.1831
12.8792
12.8964
12.9408
12.9947
12.8047
12.7039
12.4522
12.6889
12.5308
12.3222
0.0000
0.0000
12.0314
12.6822
12.5189
12.3711
12.2344
12.0417
0.0000
11.9092
11.5467
12.0431
12.1417
11.9239
11.8072
11.6972
11.5194
11.6419
11.4531
11.5628
11.6606
0.0000
11.5169
0.0000
11.9492
11.8244
11.9856
11.6269
11.4792
11.7692
11.4792
11.3664
11.5872
11.5803
11.3678
11.3172
11.2586
11.1608
11.1306
11.1050
11.0003
11.3186
11.2117
11.3392
11.1086
10.9175
10.9328
10.9419
10.9400
11.3808
11.2419
11.2114
10.9775
10.9747
10.7847
10.7939
10.9275
10.6550
10.4022
10.5092
10.6564
10.6294
10.4464
10.4778
10.5806
8.7069
10.7761
10.8619
10.8556
10.8303
10.8367
10.8128
10.8036
10.7922
10.8017
10.7808
10.7800
10.7736
10.7669
10.7617
10.7567
10.7461
10.7233
10.7711
10.7386
11.0381
10.8783
10.7503
10.6517
10.5119
10.5267
10.8181
10.8817
10.7858
10.6289
10.6936
10.8658
10.8844
10.6944
10.6614
10.5297
10.5392
10.5786
10.4644
10.3706
10.3653
10.5100
10.4058
10.4056
20.4225
10.3958
10.3319
10.3450
0.0000
10.2381
10.2900
10.2239
10.1156
10.1461
10.1656
10.0689
9.9314
0.0000
9.9525
9.9717
9.8564
9.8103
9.8825
9.7872
9.7017
9.6661
10.2525
10.2328
10.1828
10.0589
10.0661
10.0958
9.9889
0.0000
10.4606
10.3228
0.0000
10.8800
10.8036
10.7350
10.5600
10.4842
10.6106
10.3575
10.2453
10.2242
10.3728
10.6889
10.8367
10.8197
10.6739
10.5700
10.5583
10.4114
10.4275
10.4564
10.2792
10.0264
10.3817
10.3392
10.2389
10.0883
9.9603
9.9347
9.7214
9.8103
9.6733
9.5569
10.2289
9.8086
0.0000
0.0000
10.0328
10.1244
10.0617
9.9992
10.2397
10.1931
10.0467
9.9992
0.0000
9.7542
0.0000
9.9306
9.9228
9.7889
9.8014
9.6797
9.6108
0.0000
9.8250
9.6392
9.6267
9.5772
9.4711
9.5272
9.4681
9.3472
0.0000
9.2681
9.5103
9.3869
9.2808
9.2642
9.1364
0.0000
9.1758
9.3750
9.3806
9.1267
9.0086
8.9633
8.7831
8.8797
8.6797