1
1
1
1
1
1
1
1
1
1
1
1
1
1
2
2
2
2
2
2
2
2
2
2
2
4
4
4
4
4
4
4
4
4
4
4
4
4
6
6
6
6
6
6
6
6
8
8
8
8
8
8
10
10
10
10
10
10
10
10
10
11
11
11
11
11
11
11
11
11
12
12
12
12
12
12
12
14
14
14
14
14
14
14
14
14
14
14
15
15
15
15
15
15
15
15
15
17
17
17
17
17
17
17
17
17
17
17
19
19
19
19
19
19
19
19
19
20
20
20
20
20
20
20
20
20
20
20
22
22
22
22
22
22
22
22
22
22
22
22
22
22
24
24
24
24
24
24
24
24
24
24
25
25
25
25
25
25
25
25
25
25
25
25
25
26
26
26
26
26
26
1
26
26
26
27
27
27
27
27
27
27
27
1
1
1
1
1
1
1
1
1
1
1
1
1
1
30
30
30
30
30
30
30
30
30
30
30
30
31
31
31
31
31
31
31
31
31
31
31
31
31
31
31
33
33
33
33
33
33
33
33
33
33
34
34
34
34
34
34
34
34
35
35
35
35
35
35
36
36
36
36
36
36
36
36
36
36
37
37
37
37
37
37
37
37
38
38
38
38
38
38
38
38
38
38
38
38
38
38
38
38
38
38
38
38
38
38
38
38
38
38
38
40
40
40
40
40
40
40
40
40
40
40
40
40
40
40
40
40
40
40
40
42
42
42
42
42
42
42
42
42
42
42
42
44
44
44
44
44
44
44
45
45
45
45
45
45
45
45
45
45
46
46
46
46
46
46
46
46
46
48
48
48
48
48
48
48
48
49
49
49
49
49
49
49
49
49
49
49
49
49
49
49
49
49
49
51
51
51
51
51
51
51
51
51
51
51
51
51
51
52
52
52
52
52
52
52
52
52
52
52
54
54
54
54
54
54
54
54
54
56
56
56
56
56
56
56
56
56
58
58
58
58
58
58
58
60
60
60
60
60
60
60
60
60
60
62
62
62
62
62
62
62
62
62
64
64
64
64
64
64
64
64
64
64
64
64
64
64
64
64
64
66
66
66
66
66
66
66
66
66
66
66
66
66
66
66
67
67
67
67
67
67
67
67
68
68
68
68
68
68
68
68
68
68
68
68
70
70
70
70
70
70
70
70
70
70
72
72
72
72
72
72
72
72
72
74
74
74
74
74
74
74
75
75
75
75
75
75
75
75
75
75
75
77
77
77
77
77
77
77
77
79
79
79
79
79
79
79
79
79
79
79
79
79
79
79
79
79
79
79
79
79
79
79
79
80
80
80
80
80
80
80
80
80
80
80
80
80
80
82
82
82
82
82
82
82
82
82
82
83
83
83
83
83
83
83
83
83
84
84
84
84
84
84
84
84
86
86
86
86
86
86
86
86
87
87
87
87
87
87
87
87
87
87
87
87
89
89
89
89
89
89
89
89
89
89
89
91
91
91
91
91
91
91
91
91
91
91
91
91
91
91
92
92
92
92
92
92
92
92
92
93
93
93
93
93
93
93
94
94
94
94
94
94
94
94
94
94
94
95
95
95
95
95
95
95
96
96
96
96
96
96
96
96
96