105.8272
105.8525
105.8186
105.8853
105.7889
105.8183
105.8597
105.8561
105.8156
105.8294
105.8272
105.9483
105.7589
105.8486
105.0442
105.2633
105.4439
105.1703
104.9681
104.9406
105.2739
104.6683
104.4764
104.9183
104.6197
106.2556
105.4578
105.7114
105.9514
106.1089
106.3297
106.5661
106.6950
106.4617
106.5006
106.0347
105.9506
106.3308
105.8528
105.6736
105.7250
106.0167
105.8503
105.5786
105.8581
106.0858
105.2200
105.3508
105.2422
105.0036
105.3039
105.3825
103.9786
103.7469
104.1406
104.2681
104.3150
104.1667
104.4172
103.9050
104.1831
103.0419
103.1194
102.5150
103.0542
103.3836
103.3517
103.0553
103.2553
103.1164
103.4061
103.5481
102.7197
103.3033
103.3772
103.7583
103.7583
103.9144
103.6506
103.6628
104.0467
104.3692
104.6975
104.7194
104.3308
103.9933
103.7322
103.5106
104.8950
104.4894
104.7200
104.5642
104.1503
104.8156
104.4675
104.5886
104.9211
105.3222
105.0811
105.3883
105.5153
105.5375
105.2967
105.2508
104.9961
105.4158
105.6331
105.7350
105.8072
105.8131
105.6336
105.7228
105.9286
106.0414
105.6244
105.7553
105.9617
106.7472
106.4422
106.3169
106.5714
106.8428
106.5511
106.2578
106.3425
106.6233
106.9700
107.1236
107.0897
107.9192
107.2894
106.7519
107.4400
107.3806
107.5756
107.6906
107.1644
107.4672
107.0453
106.5767
106.8514
107.8194
106.1883
106.1575
106.0986
106.2558
106.4900
106.6525
106.8525
106.2367
106.0831
105.9583
105.3931
105.2294
105.1450
105.0061
105.1528
105.3036
105.0236
105.0903
105.2497
105.3025
105.0778
105.2883
105.2883
105.5925
105.7317
105.4275
105.5600
105.5858
105.6619
105.7014
105.5789
105.4936
105.4936
106.0661
105.9933
106.1850
106.0386
105.9572
106.0694
106.2147
106.2244
105.7558
105.4742
105.3786
105.5811
105.6803
105.7008
105.6119
105.5514
105.6503
105.7717
105.3719
105.8953
105.7994
105.7253
106.3058
106.3961
106.3406
106.5064
106.5092
106.4286
106.2081
106.1900
106.2928
106.4014
106.3358
106.2072
106.6422
106.6992
106.6750
106.7658
106.6342
106.7483
106.7483
106.6606
106.5933
106.5553
106.6964
106.6008
106.4992
106.9686
107.7142
106.0522
106.0475
105.9539
106.0225
106.0928
106.0917
105.9744
106.0297
106.1331
106.1917
106.3322
106.3544
106.2117
106.3375
106.5422
106.5458
106.4228
106.2786
105.9153
105.9669
105.8447
105.9192
106.0478
106.0800
106.1650
106.1322
106.0931
106.0319
106.1497
106.2150
106.2125
106.3619
106.4775
106.2747
105.9733
103.8786
105.7133
105.8722
105.9311
106.0758
106.0908
105.9958
105.7936
105.8633
105.9008
104.6242
104.9431
105.2472
104.8661
105.1278
105.3775
105.4561
105.6106
105.8556
105.6578
105.6289
105.4872
105.1794
105.5675
105.6825
105.8594
105.8886
105.9906
105.3394
105.5525
105.6817
105.7053
105.8003
105.7272
105.7014
105.7253
105.7253
104.9058
105.0550
104.1625
104.5947
105.4425
105.1533
105.6167
107.7875
105.2372
105.0750
105.5703
105.4381
105.3508
105.2164
105.5250
105.5089
105.6281
105.9000
105.7111
105.3267
105.6108
105.4439
105.7714
105.7703
105.6900
105.8786
106.0011
106.2636
105.7996
106.5875
105.8625
105.9714
106.3733
106.1150
106.5419
106.6964
107.0867
107.1889
106.8969
106.6706
106.9378
106.9303
106.9644
107.1533
107.2261
107.3328
107.5747
106.2769
107.4919
107.7078
107.6239
107.4769
107.2700
107.9236
107.6903
108.1178
108.1833
108.1961
108.2739
108.2525
108.2525
108.0325
111.9503
108.4978
108.3450
107.4311
107.7850
107.9742
108.2272
108.2242
108.0928
107.5644
107.8394
108.0989
108.3678
108.2578
108.0922
108.2042
108.5803
108.4119
108.4119
108.8067
108.7597
108.4992
108.3731
108.7508
108.7564
108.4858
108.3561
108.6719
108.7681
108.8725
108.9494
108.7289
109.1156
109.2133
108.7978
109.0322
108.9011
109.0953
108.7356
108.8850
109.0658
109.0672
109.0939
108.9644
109.2639
109.2108
108.9461
109.2058
108.9547
108.8939
108.8939
109.1900
109.1900
109.1778
108.1381
108.1381
109.1883
109.1031
108.8656
109.0378
108.8964
114.2500
108.9761
108.8581
108.7486
109.0947
108.8428
108.8428
108.8428
108.0622
108.0622
108.6875
108.3592
108.0519
107.9106
107.6894
107.5261
107.6925
108.9628
107.9678
107.7342
107.6469
107.9267
108.3347
108.2192
107.9986
107.6083
107.6083
107.9675
108.6914
108.6914
108.4881
108.1600
107.9425
107.7211
108.3103
108.6011
107.6406
107.7933
108.1156
108.6044
108.5094
108.6533
108.6533
108.6533
108.1778
108.1778
108.2083
107.7803
107.7556
108.0711
108.2317
108.3950
108.5450
108.7858
108.4503
108.3117
108.0842
108.2047
108.2047
108.2047
107.8436
107.7456
107.7067
107.8969
107.6083
107.4331
108.2047
108.4522
107.7936
108.1739
108.4633
108.1919
108.5467
108.3161
108.0897
107.7236
107.6356
107.5333
107.3908
107.3908
106.8392
106.8392
106.9892
106.5864
106.8317
106.6006
106.9519
107.2372
106.6572
106.1297
105.9647
106.2967
106.2828
106.0042
106.1456
106.2450
106.1403
106.3867
106.6489
106.4497
106.6078
106.7967
106.8172
106.7858
106.6997
106.8472
107.2414
107.3597
107.0017
107.2842
107.0144
107.1572
107.2433
106.9950
107.4058
106.8883
107.1181
107.1797
107.2522
107.4942
107.2147
107.3075
107.0850
106.6014
106.6958
106.6589
106.7514
106.8175
106.6644
106.7158
106.6508
106.6253
106.6775
106.7569
106.6794
106.6672
106.6456
106.7025
106.6667
106.6361
106.6278
106.5906
106.7264
106.5056
106.5925
106.5125
106.7264
106.8806
106.4017
105.6572
105.7661
105.9656
105.9519
106.1856
106.2633
106.3994
106.4411
106.3367
106.5017
106.6092
106.6431
106.5000
106.3644
106.6733
106.2172
105.9336
106.1014
106.2825
106.4481
106.5839
106.7150
106.7150
106.3739
106.2958
106.1522
106.3278
106.4700
106.6294
106.5861
106.5458
106.5458
106.3442
106.2144
106.0592
106.2017
106.4033
106.4886
106.2733
106.4397
105.9356
105.9297
106.0869
106.1764
105.9675
105.7892
105.9656
105.9656
105.6225
105.7419
105.7419
105.4892
105.3167
105.5161
105.7869
105.6944
105.4808
105.6017
105.6444
105.8106
105.4258
105.0875
105.0925
105.1883
105.2444
105.2036
105.0047
104.9494
105.2586
105.4492
105.2664
105.1056
104.5028
104.6628
104.9325
105.2344
105.1711
105.3683
105.2850
105.0550
104.9847
105.1917
103.9569
104.6300
104.6300
104.6300
105.7594
105.6308
105.7214
105.7822
105.5339
105.3792
105.4961
105.6597
105.6597
105.4139
105.4139
105.6419
105.8103
105.7247
105.5369
105.5147
105.9833
105.9833
105.9569
105.8311
106.2036
106.1019
105.9308
105.6228
105.7172
105.9994
105.9994
105.7522
105.4069
105.4114
105.6817
105.3883
105.4117
105.4117
105.1864
104.9500
105.1264
104.9575
105.0564
105.2322
104.9722
104.8931
104.9661